Datetime,Adj CloseANF,Adj CloseBSIG,Adj CloseBYD,Adj CloseSEAS,CloseANF,CloseBSIG,CloseBYD,CloseSEAS,HighANF,HighBSIG,HighBYD,HighSEAS,LowANF,LowBSIG,LowBYD,LowSEAS,OpenANF,OpenBSIG,OpenBYD,OpenSEAS,VolumeANF,VolumeBSIG,VolumeBYD,VolumeSEAS
2021-12-07 13:47:00-05:00,38.095001220703125,28.764999389648438,62.97999954223633,61.869998931884766,38.095001220703125,28.764999389648438,62.97999954223633,61.869998931884766,38.095001220703125,28.764999389648438,62.97999954223633,61.869998931884766,38.095001220703125,28.764999389648438,62.97999954223633,61.869998931884766,38.095001220703125,28.764999389648438,62.97999954223633,61.869998931884766,0.0,0,0.0,0.0
2021-12-07 13:48:00-05:00,38.095001220703125,28.760000228881836,63.005001068115234,61.869998931884766,38.095001220703125,28.760000228881836,63.005001068115234,61.869998931884766,38.095001220703125,28.780000686645508,63.0099983215332,61.869998931884766,38.095001220703125,28.760000228881836,62.974998474121094,61.869998931884766,38.095001220703125,28.770000457763672,62.97999954223633,61.869998931884766,0.0,7153503,1236.0,210.0
2021-12-07 13:49:00-05:00,38.11000061035156,28.739999771118164,62.970001220703125,61.88999938964844,38.11000061035156,28.739999771118164,62.970001220703125,61.88999938964844,38.119998931884766,28.774999618530273,62.9900016784668,61.93000030517578,38.06999969482422,28.729999542236328,62.91999816894531,61.849998474121094,38.08000183105469,28.770000457763672,62.9900016784668,61.8849983215332,5954.0,6490,3537.0,6710.0
2021-12-07 13:50:00-05:00,38.099998474121094,28.760000228881836,63.04999923706055,61.90999984741211,38.099998474121094,28.760000228881836,63.04999923706055,61.90999984741211,38.099998474121094,28.760000228881836,63.060001373291016,61.90999984741211,38.09000015258789,28.729999542236328,63.0099983215332,61.88999938964844,38.09000015258789,28.75,63.0099983215332,61.88999938964844,485.0,3842,1235.0,1500.0
2021-12-07 13:51:00-05:00,38.130001068115234,28.829999923706055,63.09000015258789,61.91999816894531,38.130001068115234,28.829999923706055,63.09000015258789,61.91999816894531,38.13999938964844,28.84000015258789,63.09000015258789,61.91999816894531,38.119998931884766,28.760000228881836,63.02000045776367,61.88999938964844,38.130001068115234,28.770000457763672,63.05500030517578,61.90999984741211,5890.0,10846,779.0,1209.0
2021-12-07 13:52:00-05:00,38.07500076293945,28.81999969482422,63.03499984741211,61.9900016784668,38.07500076293945,28.81999969482422,63.03499984741211,61.9900016784668,38.13999938964844,28.829999923706055,63.06999969482422,61.9900016784668,38.06999969482422,28.81999969482422,63.02000045776367,61.93000030517578,38.13999938964844,28.829999923706055,63.06999969482422,61.93000030517578,3217.0,1513,2566.0,2032.0
2021-12-07 13:53:00-05:00,38.04999923706055,28.84000015258789,63.09000015258789,61.97999954223633,38.04999923706055,28.84000015258789,63.09000015258789,61.97999954223633,38.060001373291016,28.850000381469727,63.09000015258789,61.97999954223633,38.04999923706055,28.81999969482422,63.005001068115234,61.97999954223633,38.060001373291016,28.834999084472656,63.02000045776367,61.97999954223633,1227.0,11400,2862.0,102.0
2021-12-07 13:54:00-05:00,38.04999923706055,28.844999313354492,63.09000015258789,62.0,38.04999923706055,28.844999313354492,63.09000015258789,62.0,38.060001373291016,28.844999313354492,63.09000015258789,62.0,38.04999923706055,28.844999313354492,63.07500076293945,62.0,38.060001373291016,28.844999313354492,63.07500076293945,62.0,1227.0,500,1261.0,741.0
2021-12-07 13:55:00-05:00,38.0,28.850000381469727,63.2400016784668,61.970001220703125,38.0,28.850000381469727,63.2400016784668,61.970001220703125,38.04999923706055,28.8700008392334,63.290000915527344,62.0099983215332,38.0,28.84000015258789,63.06999969482422,61.970001220703125,38.029998779296875,28.84000015258789,63.07500076293945,61.97999954223633,9067.0,27127,8701.0,1566.0
2021-12-07 13:56:00-05:00,38.0,28.854999542236328,63.22999954223633,61.91999816894531,38.0,28.854999542236328,63.22999954223633,61.91999816894531,38.0,28.860000610351562,63.244998931884766,61.97999954223633,37.9900016784668,28.850000381469727,63.209999084472656,61.91999816894531,38.0,28.854999542236328,63.244998931884766,61.970001220703125,2140.0,2500,949.0,1210.0
2021-12-07 13:57:00-05:00,38.0098991394043,28.895000457763672,63.150001525878906,61.900001525878906,38.0098991394043,28.895000457763672,63.150001525878906,61.900001525878906,38.0098991394043,28.895000457763672,63.209999084472656,61.970001220703125,37.9900016784668,28.854999542236328,63.130001068115234,61.900001525878906,37.9901008605957,28.854999542236328,63.209999084472656,61.93000030517578,5046.0,10908,2456.0,899.0
2021-12-07 13:58:00-05:00,38.0,28.90999984741211,63.189998626708984,61.86000061035156,38.0,28.90999984741211,63.189998626708984,61.86000061035156,38.0099983215332,28.940000534057617,63.189998626708984,61.91999816894531,37.9900016784668,28.889999389648438,63.150001525878906,61.86000061035156,38.0,28.895000457763672,63.150001525878906,61.91999816894531,2832.0,31640,1866.0,553.0
2021-12-07 13:59:00-05:00,38.016700744628906,28.899999618530273,63.27000045776367,61.939998626708984,38.016700744628906,28.899999618530273,63.27000045776367,61.939998626708984,38.02000045776367,28.950000762939453,63.29999923706055,61.970001220703125,38.0099983215332,28.899999618530273,63.16999816894531,61.869998931884766,38.02000045776367,28.90999984741211,63.16999816894531,61.869998931884766,2954.0,8601,3182.0,1597.0
2021-12-07 14:00:00-05:00,38.029998779296875,28.924999237060547,63.27000045776367,61.97999954223633,38.029998779296875,28.924999237060547,63.27000045776367,61.97999954223633,38.029998779296875,28.924999237060547,63.27000045776367,61.97999954223633,37.9900016784668,28.905000686645508,63.27000045776367,61.849998474121094,38.0,28.90999984741211,63.27000045776367,61.900001525878906,12245.0,2303,305.0,2024.0
2021-12-07 14:01:00-05:00,38.03499984741211,28.899999618530273,63.2400016784668,61.95000076293945,38.03499984741211,28.899999618530273,63.2400016784668,61.95000076293945,38.03499984741211,28.920000076293945,63.2599983215332,62.04999923706055,38.03499984741211,28.895000457763672,63.2400016784668,61.95000076293945,38.03499984741211,28.90999984741211,63.2599983215332,61.9900016784668,999.0,8522,1327.0,2974.0
2021-12-07 14:02:00-05:00,38.02000045776367,28.934999465942383,63.20000076293945,61.915000915527344,38.02000045776367,28.934999465942383,63.20000076293945,61.915000915527344,38.03499984741211,28.934999465942383,63.220001220703125,61.959999084472656,38.02000045776367,28.90999984741211,63.20000076293945,61.915000915527344,38.03499984741211,28.90999984741211,63.220001220703125,61.959999084472656,1188.0,7888,1113.0,840.0
2021-12-07 14:03:00-05:00,38.0,28.934999465942383,63.17499923706055,61.939998626708984,38.0,28.934999465942383,63.17499923706055,61.939998626708984,38.01100158691406,28.934999465942383,63.17499923706055,61.939998626708984,38.0,28.93000030517578,63.154998779296875,61.93000030517578,38.01100158691406,28.934999465942383,63.17499923706055,61.939998626708984,1106.0,654,6403.0,731.0
2021-12-07 14:04:00-05:00,38.02000045776367,28.959999084472656,63.2599983215332,62.04999923706055,38.02000045776367,28.959999084472656,63.2599983215332,62.04999923706055,38.02000045776367,28.959999084472656,63.2599983215332,62.04999923706055,38.0099983215332,28.940000534057617,63.17499923706055,61.95000076293945,38.0099983215332,28.940000534057617,63.17499923706055,61.959999084472656,1570.0,5119,4158.0,1800.0
2021-12-07 14:05:00-05:00,38.0,28.959999084472656,63.290000915527344,62.04999923706055,38.0,28.959999084472656,63.290000915527344,62.04999923706055,38.02000045776367,28.975000381469727,63.290000915527344,62.04999923706055,38.0,28.950000762939453,63.244998931884766,62.04999923706055,38.02000045776367,28.950000762939453,63.244998931884766,62.04999923706055,3600.0,7449,1872.0,1287.0
2021-12-07 14:06:00-05:00,38.0,28.969999313354492,63.244998931884766,62.040000915527344,38.0,28.969999313354492,63.244998931884766,62.040000915527344,38.0,28.969999313354492,63.279998779296875,62.08000183105469,38.0,28.950000762939453,63.244998931884766,62.040000915527344,38.0,28.950000762939453,63.244998931884766,62.08000183105469,148.0,2335,487.0,807.0
2021-12-07 14:07:00-05:00,38.0,28.989999771118164,63.2599983215332,62.03499984741211,38.0,28.989999771118164,63.2599983215332,62.03499984741211,38.0099983215332,28.989999771118164,63.2599983215332,62.03499984741211,38.0,28.989999771118164,63.220001220703125,62.03499984741211,38.0,28.989999771118164,63.2400016784668,62.03499984741211,4174.0,1618,2591.0,305.0
2021-12-07 14:08:00-05:00,38.040000915527344,29.0,63.369998931884766,62.09000015258789,38.040000915527344,29.0,63.369998931884766,62.09000015258789,38.040000915527344,29.000999450683594,63.369998931884766,62.09000015258789,38.0099983215332,28.985000610351562,63.279998779296875,62.060001373291016,38.0099983215332,29.0,63.279998779296875,62.060001373291016,2559.0,21403,3266.0,855.0
2021-12-07 14:09:00-05:00,38.06999969482422,29.03499984741211,63.345001220703125,61.994998931884766,38.06999969482422,29.03499984741211,63.345001220703125,61.994998931884766,38.06999969482422,29.03499984741211,63.369998931884766,62.099998474121094,38.060001373291016,29.0,63.345001220703125,61.9900016784668,38.060001373291016,29.0,63.369998931884766,62.08000183105469,1612.0,5656,588.0,3881.0
2021-12-07 14:10:00-05:00,38.04999923706055,29.059999465942383,63.29999923706055,61.8849983215332,38.04999923706055,29.059999465942383,63.29999923706055,61.8849983215332,38.06999969482422,29.06999969482422,63.310001373291016,61.959999084472656,38.04999923706055,29.040000915527344,63.279998779296875,61.8849983215332,38.06999969482422,29.040000915527344,63.310001373291016,61.959999084472656,1794.0,11506,874.0,1127.0
2021-12-07 14:11:00-05:00,38.06480026245117,29.059999465942383,63.310001373291016,61.939998626708984,38.06480026245117,29.059999465942383,63.310001373291016,61.939998626708984,38.06480026245117,29.059999465942383,63.334999084472656,61.959999084472656,38.06480026245117,29.040000915527344,63.29999923706055,61.88999938964844,38.06480026245117,29.040000915527344,63.29999923706055,61.88999938964844,197.0,4918,1654.0,1931.0
2021-12-07 14:12:00-05:00,38.060001373291016,29.030000686645508,63.29999923706055,61.95000076293945,38.060001373291016,29.030000686645508,63.29999923706055,61.95000076293945,38.08000183105469,29.079999923706055,63.34000015258789,61.95000076293945,38.060001373291016,29.030000686645508,63.29999923706055,61.904998779296875,38.060001373291016,29.06999969482422,63.31999969482422,61.904998779296875,1050.0,21538,794.0,1083.0
2021-12-07 14:13:00-05:00,38.0,29.014999389648438,63.279998779296875,61.834999084472656,38.0,29.014999389648438,63.279998779296875,61.834999084472656,38.040000915527344,29.040000915527344,63.29999923706055,61.869998931884766,38.0,29.0,63.25,61.83000183105469,38.040000915527344,29.040000915527344,63.29999923706055,61.869998931884766,3147.0,11541,1336.0,1452.0
2021-12-07 14:14:00-05:00,38.02000045776367,29.045000076293945,63.31999969482422,61.869998931884766,38.02000045776367,29.045000076293945,63.31999969482422,61.869998931884766,38.02000045776367,29.045000076293945,63.33000183105469,61.900001525878906,37.9900016784668,29.014999389648438,63.279998779296875,61.869998931884766,38.005001068115234,29.014999389648438,63.279998779296875,61.869998931884766,4225.0,5206,1914.0,1448.0
2021-12-07 14:15:00-05:00,38.0,29.065000534057617,63.380001068115234,61.86000061035156,38.0,29.065000534057617,63.380001068115234,61.86000061035156,38.0,29.065000534057617,63.380001068115234,61.869998931884766,37.9900016784668,29.040000915527344,63.290000915527344,61.849998474121094,38.0,29.049999237060547,63.33000183105469,61.869998931884766,1832.0,3239,3878.0,617.0
2021-12-07 14:16:00-05:00,37.9900016784668,29.06999969482422,63.380001068115234,61.849998474121094,37.9900016784668,29.06999969482422,63.380001068115234,61.849998474121094,38.00899887084961,29.06999969482422,63.40999984741211,61.869998931884766,37.9900016784668,29.06999969482422,63.369998931884766,61.81999969482422,38.0,29.06999969482422,63.369998931884766,61.869998931884766,1782.0,407,3524.0,677.0
2021-12-07 14:17:00-05:00,37.96500015258789,29.059999465942383,63.400001525878906,61.70000076293945,37.96500015258789,29.059999465942383,63.400001525878906,61.70000076293945,37.994998931884766,29.06999969482422,63.400001525878906,61.83000183105469,37.96500015258789,29.059999465942383,63.3650016784668,61.70000076293945,37.97999954223633,29.06999969482422,63.369998931884766,61.83000183105469,2330.0,907,5472.0,2748.0
2021-12-07 14:18:00-05:00,37.939998626708984,29.06999969482422,63.224998474121094,61.595001220703125,37.939998626708984,29.06999969482422,63.224998474121094,61.595001220703125,37.96500015258789,29.06999969482422,63.369998931884766,61.68000030517578,37.935001373291016,29.059999465942383,63.220001220703125,61.595001220703125,37.959999084472656,29.061100006103516,63.369998931884766,61.650001525878906,3031.0,2142,5928.0,2361.0
2021-12-07 14:19:00-05:00,37.91999816894531,29.18000030517578,63.22999954223633,61.59000015258789,37.91999816894531,29.18000030517578,63.22999954223633,61.59000015258789,37.93000030517578,29.190000534057617,63.2400016784668,61.650001525878906,37.91999816894531,29.079999923706055,63.209999084472656,61.59000015258789,37.93000030517578,29.079999923706055,63.209999084472656,61.63999938964844,243.0,24085,2606.0,1531.0
2021-12-07 14:20:00-05:00,37.91999816894531,29.200000762939453,63.279998779296875,61.59000015258789,37.91999816894531,29.200000762939453,63.279998779296875,61.59000015258789,37.93000030517578,29.219999313354492,63.290000915527344,61.599998474121094,37.88999938964844,29.18000030517578,63.2400016784668,61.47999954223633,37.93000030517578,29.18000030517578,63.2400016784668,61.540000915527344,7151.0,17230,1778.0,5059.0
2021-12-07 14:21:00-05:00,37.95500183105469,29.31999969482422,63.38999938964844,61.599998474121094,37.95500183105469,29.31999969482422,63.38999938964844,61.599998474121094,37.95500183105469,29.31999969482422,63.4900016784668,61.599998474121094,37.900001525878906,29.200000762939453,63.34000015258789,61.599998474121094,37.900001525878906,29.209999084472656,63.36000061035156,61.599998474121094,1576.0,11954,8543.0,557.0
2021-12-07 14:22:00-05:00,37.994998931884766,29.350000381469727,63.43000030517578,61.61000061035156,37.994998931884766,29.350000381469727,63.43000030517578,61.61000061035156,37.994998931884766,29.350000381469727,63.43000030517578,61.650001525878906,37.970001220703125,29.309999465942383,63.375,61.599998474121094,37.970001220703125,29.31999969482422,63.38999938964844,61.61000061035156,685.0,3337,4617.0,1936.0
2021-12-07 14:23:00-05:00,38.040000915527344,29.405000686645508,63.29999923706055,61.56999969482422,38.040000915527344,29.405000686645508,63.29999923706055,61.56999969482422,38.04999923706055,29.420000076293945,63.40999984741211,61.61000061035156,38.040000915527344,29.329999923706055,63.28499984741211,61.54999923706055,38.04999923706055,29.329999923706055,63.40999984741211,61.61000061035156,395.0,24599,3354.0,1343.0
2021-12-07 14:24:00-05:00,38.04999923706055,29.420000076293945,63.32500076293945,61.61000061035156,38.04999923706055,29.420000076293945,63.32500076293945,61.61000061035156,38.060001373291016,29.420000076293945,63.34000015258789,61.61000061035156,38.029998779296875,29.399999618530273,63.29999923706055,61.54999923706055,38.029998779296875,29.405000686645508,63.31999969482422,61.56999969482422,1839.0,20036,1270.0,537.0
2021-12-07 14:25:00-05:00,38.0,29.399999618530273,63.45000076293945,61.59000015258789,38.0,29.399999618530273,63.45000076293945,61.59000015258789,38.040000915527344,29.420000076293945,63.45000076293945,61.619998931884766,38.0,29.3700008392334,63.31999969482422,61.59000015258789,38.040000915527344,29.399999618530273,63.34000015258789,61.619998931884766,4289.0,13949,4913.0,718.0
2021-12-07 14:26:00-05:00,38.040000915527344,29.405000686645508,63.41999816894531,61.630001068115234,38.040000915527344,29.405000686645508,63.41999816894531,61.630001068115234,38.040000915527344,29.405000686645508,63.41999816894531,61.650001525878906,37.97999954223633,29.405000686645508,63.380001068115234,61.58000183105469,38.0,29.405000686645508,63.40999984741211,61.630001068115234,7476.0,1030,3897.0,2846.0
2021-12-07 14:27:00-05:00,38.04999923706055,29.395000457763672,63.380001068115234,61.47999954223633,38.04999923706055,29.395000457763672,63.380001068115234,61.47999954223633,38.04999923706055,29.40999984741211,63.45000076293945,61.61000061035156,38.029998779296875,29.3799991607666,63.380001068115234,61.47999954223633,38.029998779296875,29.39739990234375,63.38999938964844,61.61000061035156,621.0,18031,4229.0,2341.0
2021-12-07 14:28:00-05:00,38.01900100708008,29.375,63.310001373291016,61.470001220703125,38.01900100708008,29.375,63.310001373291016,61.470001220703125,38.029998779296875,29.43000030517578,63.310001373291016,61.5,38.0,29.3700008392334,63.310001373291016,61.470001220703125,38.029998779296875,29.395000457763672,63.310001373291016,61.47999954223633,4885.0,24084,200.0,1096.0
2021-12-07 14:29:00-05:00,37.974998474121094,29.354999542236328,63.220001220703125,61.4900016784668,37.974998474121094,29.354999542236328,63.220001220703125,61.4900016784668,38.02000045776367,29.3799991607666,63.329898834228516,61.54999923706055,37.974998474121094,29.350000381469727,63.209999084472656,61.459999084472656,38.02000045776367,29.3799991607666,63.329898834228516,61.5,2834.0,12412,2078.0,951.0
2021-12-07 14:30:00-05:00,37.970001220703125,29.415000915527344,63.189998626708984,61.5099983215332,37.970001220703125,29.415000915527344,63.189998626708984,61.5099983215332,38.0,29.420000076293945,63.23500061035156,61.5099983215332,37.959999084472656,29.350000381469727,63.185001373291016,61.470001220703125,37.959999084472656,29.354999542236328,63.209999084472656,61.470001220703125,3683.0,15653,1394.0,1904.0
2021-12-07 14:31:00-05:00,37.9900016784668,29.44499969482422,63.2400016784668,61.529998779296875,37.9900016784668,29.44499969482422,63.2400016784668,61.529998779296875,38.0,29.468799591064453,63.255001068115234,61.529998779296875,37.95000076293945,29.415000915527344,63.20000076293945,61.5099983215332,37.95000076293945,29.415000915527344,63.20000076293945,61.52000045776367,2546.0,16530,2830.0,1733.0
2021-12-07 14:32:00-05:00,37.9900016784668,29.43000030517578,63.26499938964844,61.525001525878906,37.9900016784668,29.43000030517578,63.26499938964844,61.525001525878906,37.9900016784668,29.44499969482422,63.26499938964844,61.560001373291016,37.9900016784668,29.40999984741211,63.2400016784668,61.4900016784668,37.9900016784668,29.440000534057617,63.2400016784668,61.54999923706055,312.0,8748,814.0,2010.0
2021-12-07 14:33:00-05:00,37.97999954223633,29.459999084472656,63.25,61.560001373291016,37.97999954223633,29.459999084472656,63.25,61.560001373291016,37.9900016784668,29.459999084472656,63.25,61.560001373291016,37.959999084472656,29.41629981994629,63.25,61.5,37.9900016784668,29.43000030517578,63.25,61.5,3064.0,14241,597.0,1254.0
2021-12-07 14:34:00-05:00,37.959999084472656,29.450000762939453,63.2599983215332,61.56999969482422,37.959999084472656,29.450000762939453,63.2599983215332,61.56999969482422,37.97999954223633,29.459999084472656,63.27000045776367,61.58000183105469,37.95100021362305,29.440000534057617,63.244998931884766,61.529998779296875,37.97999954223633,29.450000762939453,63.244998931884766,61.560001373291016,1023.0,8232,1131.0,1431.0
2021-12-07 14:35:00-05:00,37.970001220703125,29.364999771118164,63.220001220703125,61.599998474121094,37.970001220703125,29.364999771118164,63.220001220703125,61.599998474121094,37.970001220703125,29.44499969482422,63.255001068115234,61.599998474121094,37.959999084472656,29.31999969482422,63.220001220703125,61.56999969482422,37.959999084472656,29.440000534057617,63.25,61.56999969482422,2539.0,25374,1514.0,1719.0
2021-12-07 14:36:00-05:00,37.95000076293945,29.350000381469727,63.275001525878906,61.709999084472656,37.95000076293945,29.350000381469727,63.275001525878906,61.709999084472656,37.970001220703125,29.399999618530273,63.29999923706055,61.709999084472656,37.939998626708984,29.350000381469727,63.20000076293945,61.58000183105469,37.96500015258789,29.364999771118164,63.20000076293945,61.599998474121094,3889.0,11949,4992.0,1906.0
2021-12-07 14:37:00-05:00,37.95000076293945,29.229999542236328,63.279998779296875,61.6349983215332,37.95000076293945,29.229999542236328,63.279998779296875,61.6349983215332,37.95000076293945,29.34000015258789,63.29999923706055,61.709999084472656,37.939998626708984,29.209999084472656,63.25,61.6349983215332,37.939998626708984,29.34000015258789,63.27000045776367,61.709999084472656,1321.0,6069,4473.0,1697.0
2021-12-07 14:38:00-05:00,37.97999954223633,29.235000610351562,63.290000915527344,61.7400016784668,37.97999954223633,29.235000610351562,63.290000915527344,61.7400016784668,37.9900016784668,29.235000610351562,63.29999923706055,61.7400016784668,37.970001220703125,29.18000030517578,63.209999084472656,61.66999816894531,37.970001220703125,29.209999084472656,63.27000045776367,61.66999816894531,1208.0,13222,5867.0,1297.0
2021-12-07 14:39:00-05:00,37.9900016784668,29.223899841308594,63.28499984741211,61.7400016784668,37.9900016784668,29.223899841308594,63.28499984741211,61.7400016784668,37.9900016784668,29.225000381469727,63.28499984741211,61.7400016784668,37.9900016784668,29.21500015258789,63.279998779296875,61.66999816894531,37.9900016784668,29.225000381469727,63.279998779296875,61.66999816894531,100.0,700,483.0,1297.0
2021-12-07 14:40:00-05:00,37.9900016784668,29.200000762939453,63.27000045776367,61.73400115966797,37.9900016784668,29.200000762939453,63.27000045776367,61.73400115966797,37.9900016784668,29.200000762939453,63.27000045776367,61.73400115966797,37.9900016784668,29.200000762939453,63.27000045776367,61.73400115966797,37.9900016784668,29.200000762939453,63.27000045776367,61.73400115966797,100.0,16963,5228.0,2147.0
2021-12-07 14:41:00-05:00,38.02000045776367,29.059999465942383,63.26499938964844,61.79999923706055,38.02000045776367,29.059999465942383,63.26499938964844,61.79999923706055,38.02000045776367,29.190000534057617,63.26499938964844,61.810001373291016,37.98500061035156,29.059999465942383,63.2599983215332,61.7400016784668,37.98500061035156,29.190000534057617,63.26499938964844,61.7599983215332,6782.0,17096,610.0,2808.0
2021-12-07 14:42:00-05:00,38.0,29.049999237060547,63.279998779296875,61.779998779296875,38.0,29.049999237060547,63.279998779296875,61.779998779296875,38.0,29.100000381469727,63.279998779296875,61.779998779296875,38.0,29.040000915527344,63.22999954223633,61.7599983215332,38.0,29.100000381469727,63.255001068115234,61.7599983215332,3164.0,18110,2373.0,914.0
2021-12-07 14:43:00-05:00,38.02000045776367,29.030000686645508,63.34000015258789,61.81999969482422,38.02000045776367,29.030000686645508,63.34000015258789,61.81999969482422,38.02000045776367,29.079999923706055,63.345001220703125,61.81999969482422,37.97999954223633,29.030000686645508,63.29999923706055,61.810001373291016,38.0,29.049999237060547,63.29999923706055,61.810001373291016,2986.0,7646,3578.0,1077.0
2021-12-07 14:44:00-05:00,38.06999969482422,29.0,63.40999984741211,62.0099983215332,38.06999969482422,29.0,63.40999984741211,62.0099983215332,38.08000183105469,29.049999237060547,63.43000030517578,62.0099983215332,38.02000045776367,28.989999771118164,63.33000183105469,61.939998626708984,38.029998779296875,29.040000915527344,63.33000183105469,61.939998626708984,2839.0,8490,2137.0,2770.0
2021-12-07 14:45:00-05:00,38.060001373291016,29.0,63.404998779296875,61.9900016784668,38.060001373291016,29.0,63.404998779296875,61.9900016784668,38.07500076293945,29.010000228881836,63.404998779296875,62.04999923706055,38.060001373291016,29.0,63.38999938964844,61.9900016784668,38.07500076293945,29.010000228881836,63.400001525878906,62.040000915527344,2173.0,24679,8222.0,7085.0
2021-12-07 14:46:00-05:00,38.060001373291016,28.90999984741211,63.36000061035156,61.92499923706055,38.060001373291016,28.90999984741211,63.36000061035156,61.92499923706055,38.07500076293945,28.915000915527344,63.36000061035156,61.974998474121094,38.060001373291016,28.8799991607666,63.33000183105469,61.915000915527344,38.07500076293945,28.915000915527344,63.349998474121094,61.970001220703125,2173.0,6924,982.0,6682.0
2021-12-07 14:47:00-05:00,38.0,28.94499969482422,63.34000015258789,61.97999954223633,38.0,28.94499969482422,63.34000015258789,61.97999954223633,38.029598236083984,28.950000762939453,63.369998931884766,61.97999954223633,38.0,28.899999618530273,63.34000015258789,61.939998626708984,38.029598236083984,28.93000030517578,63.345001220703125,61.94499969482422,1224.0,6819,1736.0,2349.0
2021-12-07 14:48:00-05:00,38.0,28.915000915527344,63.38999938964844,62.040000915527344,38.0,28.915000915527344,63.38999938964844,62.040000915527344,38.0,28.915000915527344,63.38999938964844,62.04999923706055,38.0,28.915000915527344,63.33000183105469,62.0,38.0,28.915000915527344,63.36000061035156,62.0,240.0,100,31753.0,3285.0
2021-12-07 14:49:00-05:00,37.994998931884766,28.93000030517578,63.34000015258789,62.06999969482422,37.994998931884766,28.93000030517578,63.34000015258789,62.06999969482422,38.0,28.950000762939453,63.3849983215332,62.09000015258789,37.96609878540039,28.915000915527344,63.279998779296875,62.03499984741211,37.9900016784668,28.915000915527344,63.3849983215332,62.06999969482422,5473.0,9799,9253.0,1159.0
2021-12-07 14:50:00-05:00,38.029998779296875,28.885000228881836,63.31999969482422,62.029998779296875,38.029998779296875,28.885000228881836,63.31999969482422,62.029998779296875,38.029998779296875,28.93000030517578,63.33000183105469,62.084999084472656,38.0099983215332,28.885000228881836,63.314998626708984,62.029998779296875,38.0099983215332,28.920000076293945,63.33000183105469,62.06999969482422,1977.0,2037,1967.0,1882.0
2021-12-07 14:51:00-05:00,38.04499816894531,28.834999084472656,63.279998779296875,62.08000183105469,38.04499816894531,28.834999084472656,63.279998779296875,62.08000183105469,38.04499816894531,28.899999618530273,63.31999969482422,62.08000183105469,38.02000045776367,28.834999084472656,63.279998779296875,62.040000915527344,38.02000045776367,28.899999618530273,63.31999969482422,62.040000915527344,4386.0,8300,7619.0,861.0
2021-12-07 14:52:00-05:00,38.07500076293945,28.790000915527344,63.279998779296875,62.084999084472656,38.07500076293945,28.790000915527344,63.279998779296875,62.084999084472656,38.08000183105469,28.829999923706055,63.31999969482422,62.13999938964844,38.06999969482422,28.790000915527344,63.279998779296875,62.084999084472656,38.08000183105469,28.81999969482422,63.29999923706055,62.099998474121094,532.0,3364,8402.0,3031.0
2021-12-07 14:53:00-05:00,38.029998779296875,28.690000534057617,63.279998779296875,62.084999084472656,38.029998779296875,28.690000534057617,63.279998779296875,62.084999084472656,38.04999923706055,28.780000686645508,63.31999969482422,62.13999938964844,38.029998779296875,28.649999618530273,63.279998779296875,62.084999084472656,38.04999923706055,28.780000686645508,63.29999923706055,62.099998474121094,3123.0,5804,8402.0,3031.0
2021-12-07 14:54:00-05:00,38.05500030517578,28.655000686645508,63.290000915527344,62.13999938964844,38.05500030517578,28.655000686645508,63.290000915527344,62.13999938964844,38.060001373291016,28.719999313354492,63.29499816894531,62.150001525878906,38.04999923706055,28.655000686645508,63.290000915527344,62.099998474121094,38.04999923706055,28.68000030517578,63.29499816894531,62.099998474121094,1466.0,44817,309.0,2340.0
2021-12-07 14:55:00-05:00,38.064998626708984,28.780000686645508,63.27000045776367,62.07789993286133,38.064998626708984,28.780000686645508,63.27000045776367,62.07789993286133,38.06999969482422,28.780000686645508,63.290000915527344,62.08000183105469,38.064998626708984,28.65999984741211,63.2599983215332,62.06999969482422,38.06999969482422,28.65999984741211,63.290000915527344,62.08000183105469,571.0,24229,6362.0,1125.0
2021-12-07 14:56:00-05:00,38.08000183105469,28.719999313354492,63.29999923706055,62.08000183105469,38.08000183105469,28.719999313354492,63.29999923706055,62.08000183105469,38.08000183105469,28.760000228881836,63.310001373291016,62.09000015258789,38.04999923706055,28.709999084472656,63.25,62.08000183105469,38.04999923706055,28.739999771118164,63.27000045776367,62.09000015258789,6630.0,3815,2200.0,901.0
2021-12-07 14:57:00-05:00,38.08000183105469,28.764999389648438,63.220001220703125,61.959999084472656,38.08000183105469,28.764999389648438,63.220001220703125,61.959999084472656,38.084999084472656,28.780000686645508,63.2599983215332,62.04999923706055,38.060001373291016,28.729999542236328,63.19499969482422,61.95000076293945,38.060001373291016,28.729999542236328,63.2599983215332,62.04999923706055,3444.0,8310,5071.0,6393.0
2021-12-07 14:58:00-05:00,38.06999969482422,28.790000915527344,63.220001220703125,61.939998626708984,38.06999969482422,28.790000915527344,63.220001220703125,61.939998626708984,38.09000015258789,28.815000534057617,63.23500061035156,61.970001220703125,38.04999923706055,28.7549991607666,63.18000030517578,61.93000030517578,38.09000015258789,28.7549991607666,63.20500183105469,61.970001220703125,4713.0,10046,4262.0,2578.0
2021-12-07 14:59:00-05:00,38.060001373291016,28.719999313354492,63.190399169921875,61.939998626708984,38.060001373291016,28.719999313354492,63.190399169921875,61.939998626708984,38.06999969482422,28.790000915527344,63.209999084472656,61.959999084472656,38.060001373291016,28.709999084472656,63.185001373291016,61.91999816894531,38.06999969482422,28.790000915527344,63.189998626708984,61.959999084472656,424.0,6191,2985.0,1032.0
2021-12-07 15:00:00-05:00,38.154998779296875,28.68000030517578,63.220001220703125,61.86000061035156,38.154998779296875,28.68000030517578,63.220001220703125,61.86000061035156,38.154998779296875,28.704999923706055,63.2400016784668,61.97999954223633,38.060001373291016,28.68000030517578,63.20000076293945,61.86000061035156,38.060001373291016,28.704999923706055,63.20000076293945,61.95000076293945,5154.0,2387,2061.0,5510.0
2021-12-07 15:01:00-05:00,38.13999938964844,28.56999969482422,63.209999084472656,61.77000045776367,38.13999938964844,28.56999969482422,63.209999084472656,61.77000045776367,38.16999816894531,28.68000030517578,63.22999954223633,61.775001525878906,38.1349983215332,28.56999969482422,63.209999084472656,61.75,38.16999816894531,28.68000030517578,63.224998474121094,61.7599983215332,3758.0,6496,1812.0,1332.0
2021-12-07 15:02:00-05:00,38.130001068115234,28.6299991607666,63.20000076293945,61.790000915527344,38.130001068115234,28.6299991607666,63.20000076293945,61.790000915527344,38.14500045776367,28.65999984741211,63.21500015258789,61.790000915527344,38.119998931884766,28.559999465942383,63.16999816894531,61.77000045776367,38.130001068115234,28.56999969482422,63.209999084472656,61.77000045776367,2917.0,22874,12256.0,1722.0
2021-12-07 15:03:00-05:00,38.119998931884766,28.600000381469727,63.16999816894531,61.810001373291016,38.119998931884766,28.600000381469727,63.16999816894531,61.810001373291016,38.119998931884766,28.610000610351562,63.17499923706055,61.810001373291016,38.119998931884766,28.59000015258789,63.15999984741211,61.72999954223633,38.119998931884766,28.610000610351562,63.17499923706055,61.779998779296875,1050.0,2094,1936.0,559.0
2021-12-07 15:04:00-05:00,38.130001068115234,28.6200008392334,63.119998931884766,61.83000183105469,38.130001068115234,28.6200008392334,63.119998931884766,61.83000183105469,38.13999938964844,28.6200008392334,63.165000915527344,61.83000183105469,38.119998931884766,28.59000015258789,63.119998931884766,61.810001373291016,38.13999938964844,28.59000015258789,63.15999984741211,61.83000183105469,1539.0,12925,3405.0,1398.0
2021-12-07 15:05:00-05:00,38.130001068115234,28.59000015258789,63.14500045776367,61.91999816894531,38.130001068115234,28.59000015258789,63.14500045776367,61.91999816894531,38.130001068115234,28.6200008392334,63.19269943237305,61.91999816894531,38.130001068115234,28.579999923706055,63.119998931884766,61.83000183105469,38.130001068115234,28.610000610351562,63.13840103149414,61.83000183105469,100.0,7682,5802.0,3936.0
2021-12-07 15:06:00-05:00,38.15999984741211,28.59000015258789,63.13999938964844,61.875,38.15999984741211,28.59000015258789,63.13999938964844,61.875,38.16999816894531,28.59000015258789,63.14500045776367,61.875,38.150001525878906,28.584999084472656,63.13999938964844,61.875,38.150001525878906,28.59000015258789,63.14500045776367,61.875,8282.0,899,1089.0,106.0
2021-12-07 15:07:00-05:00,38.15999984741211,28.510000228881836,63.084999084472656,61.90999984741211,38.15999984741211,28.510000228881836,63.084999084472656,61.90999984741211,38.16999816894531,28.579999923706055,63.119998931884766,61.91999816894531,38.15999984741211,28.510000228881836,63.08000183105469,61.869998931884766,38.15999984741211,28.56999969482422,63.119998931884766,61.869998931884766,897.0,7973,2445.0,2292.0
2021-12-07 15:08:00-05:00,38.15999984741211,28.520000457763672,63.040000915527344,61.86000061035156,38.15999984741211,28.520000457763672,63.040000915527344,61.86000061035156,38.16999816894531,28.524999618530273,63.099998474121094,61.90999984741211,38.150001525878906,28.510000228881836,63.02000045776367,61.86000061035156,38.16999816894531,28.510000228881836,63.084999084472656,61.89500045776367,3931.0,6238,4010.0,1112.0
2021-12-07 15:09:00-05:00,38.18000030517578,28.520000457763672,63.06999969482422,61.91999816894531,38.18000030517578,28.520000457763672,63.06999969482422,61.91999816894531,38.18000030517578,28.520000457763672,63.099998474121094,61.91999816894531,38.150001525878906,28.520000457763672,63.060001373291016,61.900001525878906,38.15999984741211,28.520000457763672,63.06999969482422,61.900001525878906,3018.0,300,3022.0,882.0
2021-12-07 15:10:00-05:00,38.18000030517578,28.579999923706055,63.119998931884766,61.849998474121094,38.18000030517578,28.579999923706055,63.119998931884766,61.849998474121094,38.185001373291016,28.579999923706055,63.119998931884766,61.90999984741211,38.16999816894531,28.469999313354492,63.06999969482422,61.849998474121094,38.16999816894531,28.520000457763672,63.06999969482422,61.90999984741211,1565.0,24006,1922.0,1045.0
2021-12-07 15:11:00-05:00,38.16999816894531,28.530000686645508,63.15999984741211,61.790000915527344,38.16999816894531,28.530000686645508,63.15999984741211,61.790000915527344,38.16999816894531,28.575000762939453,63.15999984741211,61.84000015258789,38.150001525878906,28.5,63.084999084472656,61.790000915527344,38.16999816894531,28.559999465942383,63.09000015258789,61.84000015258789,4570.0,14929,6201.0,1136.0
2021-12-07 15:12:00-05:00,38.15999984741211,28.530000686645508,63.119998931884766,61.77000045776367,38.15999984741211,28.530000686645508,63.119998931884766,61.77000045776367,38.165000915527344,28.540000915527344,63.13999938964844,61.81999969482422,38.1150016784668,28.530000686645508,63.07500076293945,61.77000045776367,38.165000915527344,28.540000915527344,63.13999938964844,61.81999969482422,21659.0,1109,3268.0,1705.0
2021-12-07 15:13:00-05:00,38.13999938964844,28.5,63.11000061035156,61.7400016784668,38.13999938964844,28.5,63.11000061035156,61.7400016784668,38.15999984741211,28.510000228881836,63.119998931884766,61.810001373291016,38.11000061035156,28.4950008392334,63.05500030517578,61.72999954223633,38.150001525878906,28.510000228881836,63.119998931884766,61.790000915527344,5133.0,6108,6914.0,2231.0
2021-12-07 15:14:00-05:00,38.13999938964844,28.520000457763672,63.11000061035156,61.7400016784668,38.13999938964844,28.520000457763672,63.11000061035156,61.7400016784668,38.150001525878906,28.530000686645508,63.130001068115234,61.810001373291016,38.119998931884766,28.510000228881836,63.084999084472656,61.7400016784668,38.1349983215332,28.510000228881836,63.099998474121094,61.7599983215332,3153.0,5809,4043.0,1570.0
2021-12-07 15:15:00-05:00,38.119998931884766,28.530000686645508,63.099998474121094,61.77000045776367,38.119998931884766,28.530000686645508,63.099998474121094,61.77000045776367,38.119998931884766,28.530000686645508,63.130001068115234,61.775001525878906,38.11000061035156,28.530000686645508,63.099998474121094,61.77000045776367,38.119998931884766,28.530000686645508,63.130001068115234,61.775001525878906,970.0,100,830.0,300.0
2021-12-07 15:16:00-05:00,38.119998931884766,28.530000686645508,63.099998474121094,61.77000045776367,38.119998931884766,28.530000686645508,63.099998474121094,61.77000045776367,38.119998931884766,28.530000686645508,63.130001068115234,61.775001525878906,38.11000061035156,28.530000686645508,63.099998474121094,61.77000045776367,38.119998931884766,28.530000686645508,63.130001068115234,61.775001525878906,970.0,100,830.0,300.0
2021-12-07 15:17:00-05:00,38.119998931884766,28.530000686645508,63.099998474121094,61.77000045776367,38.119998931884766,28.530000686645508,63.099998474121094,61.77000045776367,38.119998931884766,28.530000686645508,63.130001068115234,61.775001525878906,38.11000061035156,28.530000686645508,63.099998474121094,61.77000045776367,38.119998931884766,28.530000686645508,63.130001068115234,61.775001525878906,970.0,100,830.0,300.0
2021-12-07 15:18:00-05:00,38.119998931884766,28.530000686645508,63.099998474121094,61.77000045776367,38.119998931884766,28.530000686645508,63.099998474121094,61.77000045776367,38.119998931884766,28.530000686645508,63.130001068115234,61.775001525878906,38.11000061035156,28.530000686645508,63.099998474121094,61.77000045776367,38.119998931884766,28.530000686645508,63.130001068115234,61.775001525878906,970.0,100,830.0,300.0
2021-12-07 15:19:00-05:00,38.119998931884766,28.530000686645508,63.099998474121094,61.77000045776367,38.119998931884766,28.530000686645508,63.099998474121094,61.77000045776367,38.119998931884766,28.530000686645508,63.130001068115234,61.775001525878906,38.11000061035156,28.530000686645508,63.099998474121094,61.77000045776367,38.119998931884766,28.530000686645508,63.130001068115234,61.775001525878906,970.0,100,830.0,300.0
2021-12-07 15:20:00-05:00,38.119998931884766,28.530000686645508,63.099998474121094,61.77000045776367,38.119998931884766,28.530000686645508,63.099998474121094,61.77000045776367,38.119998931884766,28.530000686645508,63.130001068115234,61.775001525878906,38.11000061035156,28.530000686645508,63.099998474121094,61.77000045776367,38.119998931884766,28.530000686645508,63.130001068115234,61.775001525878906,970.0,100,830.0,300.0
2021-12-07 15:21:00-05:00,38.119998931884766,28.530000686645508,63.099998474121094,61.77000045776367,38.119998931884766,28.530000686645508,63.099998474121094,61.77000045776367,38.119998931884766,28.530000686645508,63.130001068115234,61.775001525878906,38.11000061035156,28.530000686645508,63.099998474121094,61.77000045776367,38.119998931884766,28.530000686645508,63.130001068115234,61.775001525878906,970.0,100,830.0,300.0
2021-12-07 15:22:00-05:00,38.119998931884766,28.530000686645508,63.099998474121094,61.77000045776367,38.119998931884766,28.530000686645508,63.099998474121094,61.77000045776367,38.119998931884766,28.530000686645508,63.130001068115234,61.775001525878906,38.11000061035156,28.530000686645508,63.099998474121094,61.77000045776367,38.119998931884766,28.530000686645508,63.130001068115234,61.775001525878906,970.0,100,830.0,300.0
2021-12-07 15:23:00-05:00,38.18000030517578,28.520000457763672,63.099998474121094,61.77000045776367,38.18000030517578,28.520000457763672,63.099998474121094,61.77000045776367,38.18000030517578,28.520000457763672,63.130001068115234,61.775001525878906,38.18000030517578,28.520000457763672,63.099998474121094,61.77000045776367,38.18000030517578,28.520000457763672,63.130001068115234,61.775001525878906,37925.0,57484,830.0,300.0
2021-12-07 15:24:00-05:00,38.150001525878906,28.510000228881836,63.02000045776367,61.654998779296875,38.150001525878906,28.510000228881836,63.02000045776367,61.654998779296875,38.18000030517578,28.520000457763672,63.025001525878906,61.900001525878906,38.13999938964844,28.510000228881836,63.02000045776367,61.650001525878906,38.13999938964844,28.520000457763672,63.025001525878906,61.900001525878906,8158.0,14586,34283.0,25652.0
2021-12-07 15:25:00-05:00,38.119998931884766,28.503000259399414,63.02000045776367,61.689998626708984,38.119998931884766,28.503000259399414,63.02000045776367,61.689998626708984,38.15999984741211,28.510000228881836,63.040000915527344,61.720001220703125,38.08000183105469,28.5,63.0,61.61000061035156,38.15999984741211,28.510000228881836,63.040000915527344,61.69499969482422,3623.0,7421,10047.0,5386.0
2021-12-07 15:26:00-05:00,38.095001220703125,28.520000457763672,63.000999450683594,61.709999084472656,38.095001220703125,28.520000457763672,63.000999450683594,61.709999084472656,38.119998931884766,28.520000457763672,63.040000915527344,61.77000045776367,38.09000015258789,28.5,63.0,61.709999084472656,38.119998931884766,28.5,63.02000045776367,61.709999084472656,1728.0,9377,11015.0,6580.0
2021-12-07 15:27:00-05:00,38.08980178833008,28.514999389648438,62.869998931884766,61.599998474121094,38.08980178833008,28.514999389648438,62.869998931884766,61.599998474121094,38.099998474121094,28.514999389648438,63.01499938964844,61.71500015258789,38.08000183105469,28.514999389648438,62.849998474121094,61.599998474121094,38.0989990234375,28.514999389648438,63.0099983215332,61.70000076293945,4212.0,813,16404.0,1788.0
2021-12-07 15:28:00-05:00,38.09000015258789,28.514999389648438,62.93000030517578,61.619998931884766,38.09000015258789,28.514999389648438,62.93000030517578,61.619998931884766,38.099998474121094,28.514999389648438,62.970001220703125,61.650001525878906,38.08000183105469,28.514999389648438,62.86000061035156,61.599998474121094,38.08000183105469,28.514999389648438,62.86000061035156,61.61000061035156,832.0,307,6525.0,4410.0
2021-12-07 15:29:00-05:00,38.07500076293945,28.514999389648438,62.959999084472656,61.619998931884766,38.07500076293945,28.514999389648438,62.959999084472656,61.619998931884766,38.08000183105469,28.514999389648438,62.959999084472656,61.650001525878906,38.07500076293945,28.510000228881836,62.939998626708984,61.599998474121094,38.08000183105469,28.510000228881836,62.939998626708984,61.61000061035156,903.0,3996,1512.0,4410.0
2021-12-07 15:30:00-05:00,38.07500076293945,28.514999389648438,62.959999084472656,61.619998931884766,38.07500076293945,28.514999389648438,62.959999084472656,61.619998931884766,38.08000183105469,28.514999389648438,62.959999084472656,61.650001525878906,38.07500076293945,28.510000228881836,62.939998626708984,61.599998474121094,38.08000183105469,28.510000228881836,62.939998626708984,61.61000061035156,903.0,3996,1512.0,4410.0
2021-12-07 15:31:00-05:00,38.07500076293945,28.514999389648438,62.959999084472656,61.619998931884766,38.07500076293945,28.514999389648438,62.959999084472656,61.619998931884766,38.08000183105469,28.514999389648438,62.959999084472656,61.650001525878906,38.07500076293945,28.510000228881836,62.939998626708984,61.599998474121094,38.08000183105469,28.510000228881836,62.939998626708984,61.61000061035156,903.0,3996,1512.0,4410.0
2021-12-07 15:32:00-05:00,38.119998931884766,28.59000015258789,62.869998931884766,61.36000061035156,38.119998931884766,28.59000015258789,62.869998931884766,61.36000061035156,38.12900161743164,28.59000015258789,62.87099838256836,61.369998931884766,38.119998931884766,28.575000762939453,62.779998779296875,61.310001373291016,38.119998931884766,28.575000762939453,62.790000915527344,61.310001373291016,22914.0,43068,25006.0,10157.0
2021-12-07 15:33:00-05:00,38.095001220703125,28.594999313354492,62.880001068115234,61.189998626708984,38.095001220703125,28.594999313354492,62.880001068115234,61.189998626708984,38.11899948120117,28.600000381469727,62.880001068115234,61.34000015258789,38.04999923706055,28.59000015258789,62.84000015258789,61.16999816894531,38.1150016784668,28.59000015258789,62.869998931884766,61.34000015258789,24104.0,11898,6579.0,1957.0
2021-12-07 15:34:00-05:00,38.095001220703125,28.65999984741211,62.845001220703125,61.150001525878906,38.095001220703125,28.65999984741211,62.845001220703125,61.150001525878906,38.130001068115234,28.65999984741211,62.90999984741211,61.255001068115234,38.09000015258789,28.594999313354492,62.84000015258789,61.150001525878906,38.09000015258789,28.594999313354492,62.89500045776367,61.20000076293945,10333.0,20724,4399.0,2671.0
2021-12-07 15:35:00-05:00,38.125,28.520000457763672,62.869998931884766,61.154998779296875,38.125,28.520000457763672,62.869998931884766,61.154998779296875,38.130001068115234,28.665000915527344,62.88999938964844,61.19499969482422,38.06999969482422,28.520000457763672,62.84000015258789,61.08000183105469,38.08000183105469,28.65999984741211,62.845001220703125,61.189998626708984,5066.0,27036,4230.0,3119.0
2021-12-07 15:36:00-05:00,38.11000061035156,28.5,62.71989822387695,61.0,38.11000061035156,28.5,62.71989822387695,61.0,38.13999938964844,28.510000228881836,62.849998474121094,61.16999816894531,38.10499954223633,28.5,62.65999984741211,60.90999984741211,38.130001068115234,28.5,62.849998474121094,61.150001525878906,5996.0,8976,9894.0,6186.0
2021-12-07 15:37:00-05:00,38.09000015258789,28.45050048828125,62.689998626708984,61.0099983215332,38.09000015258789,28.45050048828125,62.689998626708984,61.0099983215332,38.13999938964844,28.549999237060547,62.709999084472656,61.029998779296875,38.06010055541992,28.45050048828125,62.63999938964844,60.939998626708984,38.119998931884766,28.5,62.70000076293945,61.029998779296875,12084.0,28329,5486.0,6687.0
2021-12-07 15:38:00-05:00,38.064998626708984,28.5,62.709999084472656,60.95000076293945,38.064998626708984,28.5,62.709999084472656,60.95000076293945,38.084999084472656,28.520000457763672,62.720001220703125,61.04999923706055,38.060001373291016,28.468700408935547,62.67499923706055,60.95000076293945,38.084999084472656,28.479999542236328,62.69499969482422,61.029998779296875,7449.0,27788,3366.0,3869.0
2021-12-07 15:39:00-05:00,38.12799835205078,28.510000228881836,62.61000061035156,61.005001068115234,38.12799835205078,28.510000228881836,62.61000061035156,61.005001068115234,38.12799835205078,28.510000228881836,62.69499969482422,61.04999923706055,38.04999923706055,28.469999313354492,62.58000183105469,60.93000030517578,38.064998626708984,28.489999771118164,62.69499969482422,60.96500015258789,11230.0,13052,3257.0,4540.0
2021-12-07 15:40:00-05:00,38.150001525878906,28.5,62.709999084472656,61.08000183105469,38.150001525878906,28.5,62.709999084472656,61.08000183105469,38.150001525878906,28.510000228881836,62.72999954223633,61.119998931884766,38.08000183105469,28.48900032043457,62.60499954223633,61.029998779296875,38.11000061035156,28.510000228881836,62.630001068115234,61.040000915527344,7562.0,18057,7047.0,3327.0
2021-12-07 15:41:00-05:00,38.15999984741211,28.540000915527344,62.6150016784668,61.029998779296875,38.15999984741211,28.540000915527344,62.6150016784668,61.029998779296875,38.15999984741211,28.549999237060547,62.69499969482422,61.11000061035156,38.125,28.510000228881836,62.6150016784668,61.0,38.130001068115234,28.510000228881836,62.69499969482422,61.11000061035156,10520.0,11078,1672.0,4605.0
2021-12-07 15:42:00-05:00,38.1150016784668,28.56999969482422,62.630001068115234,61.064998626708984,38.1150016784668,28.56999969482422,62.630001068115234,61.064998626708984,38.14500045776367,28.56999969482422,62.63999938964844,61.064998626708984,38.11249923706055,28.520000457763672,62.56999969482422,61.029998779296875,38.14500045776367,28.540000915527344,62.59000015258789,61.029998779296875,6922.0,17704,7224.0,1548.0
2021-12-07 15:43:00-05:00,38.06700134277344,28.549999237060547,62.58000183105469,61.029998779296875,38.06700134277344,28.549999237060547,62.58000183105469,61.029998779296875,38.099998474121094,28.59000015258789,62.60499954223633,61.064998626708984,38.029998779296875,28.549999237060547,62.55500030517578,61.0,38.099998474121094,28.559999465942383,62.60499954223633,61.064998626708984,21863.0,9053,1384.0,4198.0
2021-12-07 15:44:00-05:00,37.959999084472656,28.59000015258789,62.56999969482422,61.09000015258789,37.959999084472656,28.59000015258789,62.56999969482422,61.09000015258789,38.060001373291016,28.59000015258789,62.61000061035156,61.099998474121094,37.959999084472656,28.549999237060547,62.56999969482422,61.04999923706055,38.05500030517578,28.549999237060547,62.599998474121094,61.04999923706055,6035.0,15951,2308.0,1594.0
2021-12-07 15:45:00-05:00,37.970001220703125,28.56999969482422,62.6150016784668,61.11000061035156,37.970001220703125,28.56999969482422,62.6150016784668,61.11000061035156,38.0,28.584999084472656,62.630001068115234,61.11000061035156,37.970001220703125,28.56999969482422,62.55099868774414,61.095001220703125,37.970001220703125,28.584999084472656,62.564998626708984,61.095001220703125,7247.0,4288,4731.0,887.0
2021-12-07 15:46:00-05:00,37.93000030517578,28.520000457763672,62.58000183105469,61.060001373291016,37.93000030517578,28.520000457763672,62.58000183105469,61.060001373291016,37.970001220703125,28.559999465942383,62.630001068115234,61.06999969482422,37.93000030517578,28.510000228881836,62.58000183105469,61.029998779296875,37.970001220703125,28.55500030517578,62.619998931884766,61.029998779296875,10218.0,24063,7484.0,4213.0
2021-12-07 15:47:00-05:00,37.92499923706055,28.514999389648438,62.5,60.93000030517578,37.92499923706055,28.514999389648438,62.5,60.93000030517578,37.93000030517578,28.520000457763672,62.58000183105469,61.029998779296875,37.90999984741211,28.5,62.4900016784668,60.93000030517578,37.93000030517578,28.510000228881836,62.56999969482422,61.029998779296875,10242.0,6837,4644.0,1714.0
2021-12-07 15:48:00-05:00,37.900001525878906,28.520000457763672,62.47999954223633,60.880001068115234,37.900001525878906,28.520000457763672,62.47999954223633,60.880001068115234,37.95000076293945,28.520000457763672,62.4900016784668,60.93000030517578,37.900001525878906,28.5049991607666,62.45000076293945,60.849998474121094,37.92499923706055,28.510000228881836,62.4900016784668,60.93000030517578,8301.0,8183,8307.0,3283.0
2021-12-07 15:49:00-05:00,37.79999923706055,28.530000686645508,62.404998779296875,60.81999969482422,37.79999923706055,28.530000686645508,62.404998779296875,60.81999969482422,37.90999984741211,28.530000686645508,62.47999954223633,60.94499969482422,37.79999923706055,28.520000457763672,62.38999938964844,60.810001373291016,37.90999984741211,28.530000686645508,62.47999954223633,60.869998931884766,17037.0,3128,11744.0,10380.0
2021-12-07 15:50:00-05:00,37.619998931884766,28.5049991607666,62.314998626708984,60.6150016784668,37.619998931884766,28.5049991607666,62.314998626708984,60.6150016784668,37.810001373291016,28.524999618530273,62.3849983215332,60.77000045776367,37.619998931884766,28.5,62.29999923706055,60.58000183105469,37.79999923706055,28.520000457763672,62.345001220703125,60.75,25068.0,14984,13818.0,9126.0
2021-12-07 15:51:00-05:00,37.60499954223633,28.53499984741211,62.43000030517578,60.502498626708984,37.60499954223633,28.53499984741211,62.43000030517578,60.502498626708984,37.65999984741211,28.540000915527344,62.439998626708984,60.58000183105469,37.59000015258789,28.5,62.314998626708984,60.470001220703125,37.63999938964844,28.5,62.314998626708984,60.58000183105469,18578.0,12344,15192.0,7957.0
2021-12-07 15:52:00-05:00,37.5099983215332,28.510000228881836,62.349998474121094,60.459999084472656,37.5099983215332,28.510000228881836,62.349998474121094,60.459999084472656,37.61000061035156,28.549999237060547,62.459999084472656,60.53499984741211,37.5099983215332,28.5049991607666,62.349998474121094,60.45000076293945,37.61000061035156,28.540000915527344,62.41999816894531,60.52000045776367,17155.0,12223,11117.0,2572.0
2021-12-07 15:53:00-05:00,37.439998626708984,28.53499984741211,62.34000015258789,60.470001220703125,37.439998626708984,28.53499984741211,62.34000015258789,60.470001220703125,37.53900146484375,28.53499984741211,62.380001068115234,60.494998931884766,37.43000030517578,28.510000228881836,62.32500076293945,60.43000030517578,37.52000045776367,28.510000228881836,62.3650016784668,60.46500015258789,24848.0,3105,9650.0,5724.0
2021-12-07 15:54:00-05:00,37.54999923706055,28.559999465942383,62.40999984741211,60.470001220703125,37.54999923706055,28.559999465942383,62.40999984741211,60.470001220703125,37.54999923706055,28.559999465942383,62.42499923706055,60.5099983215332,37.42499923706055,28.53499984741211,62.34000015258789,60.43000030517578,37.43000030517578,28.53499984741211,62.345001220703125,60.45009994506836,34194.0,8143,11453.0,7969.0
2021-12-07 15:55:00-05:00,37.65999984741211,28.625,62.470001220703125,60.70009994506836,37.65999984741211,28.625,62.470001220703125,60.70009994506836,37.65999984741211,28.6299991607666,62.5099983215332,60.79999923706055,37.529998779296875,28.549999237060547,62.380001068115234,60.43000030517578,37.54499816894531,28.55500030517578,62.41999816894531,60.439998626708984,21339.0,11964,17393.0,30135.0
2021-12-07 15:56:00-05:00,37.66999816894531,28.614999771118164,62.494998931884766,60.775001525878906,37.66999816894531,28.614999771118164,62.494998931884766,60.775001525878906,37.709999084472656,28.6299991607666,62.505001068115234,60.790000915527344,37.650001525878906,28.600000381469727,62.439998626708984,60.720001220703125,37.650001525878906,28.625,62.459999084472656,60.7400016784668,20953.0,14890,10648.0,12877.0
2021-12-07 15:57:00-05:00,37.650001525878906,28.65999984741211,62.4900016784668,60.7599983215332,37.650001525878906,28.65999984741211,62.4900016784668,60.7599983215332,37.65999984741211,28.65999984741211,62.540000915527344,60.779998779296875,37.63999938964844,28.610000610351562,62.4900016784668,60.72999954223633,37.65999984741211,28.610000610351562,62.4900016784668,60.779998779296875,15984.0,14807,12629.0,10542.0
2021-12-07 15:58:00-05:00,37.64899826049805,28.65999984741211,62.5,60.77000045776367,37.64899826049805,28.65999984741211,62.5,60.77000045776367,37.65999984741211,28.670000076293945,62.5099983215332,60.779998779296875,37.630001068115234,28.649999618530273,62.47999954223633,60.689998626708984,37.650001525878906,28.649999618530273,62.5,60.7400016784668,26132.0,16210,17962.0,26594.0
2021-12-07 15:59:00-05:00,37.619998931884766,28.690000534057617,62.47999954223633,61.029998779296875,37.619998931884766,28.690000534057617,62.47999954223633,61.029998779296875,37.685001373291016,28.690000534057617,62.58000183105469,61.029998779296875,37.61000061035156,28.65999984741211,62.45000076293945,60.77000045776367,37.650001525878906,28.665000915527344,62.505001068115234,60.779998779296875,62451.0,45483,34908.0,45377.0
